name: py2
channels:
  - imperial-college-research-computing
  - bioconda
  - conda-forge
  - defaults
dependencies:
  - _libgcc_mutex=0.1=conda_forge
  - _openmp_mutex=4.5=2_gnu
  - backports=1.0=py_2
  - backports.functools_lru_cache=1.6.1=py_0
  - backports_abc=0.5=py_1
  - blosc=1.21.1=h83bc5f7_3
  - bzip2=1.0.8=h7f98852_4
  - c-ares=1.18.1=h7f98852_0
  - ca-certificates=2022.5.18.1=ha878542_0
  - certifi=2019.11.28=py27h8c360ce_1
  - curl=7.83.1=h7bff187_0
  - cycler=0.10.0=py_2
  - freetype=2.10.4=h0708190_1
  - funcsigs=1.0.2=py_3
  - functools32=3.2.3.2=py_3
  - future=0.18.2=py27h8c360ce_1
  - futures=3.3.0=py27h8c360ce_1
  - glpk=4.57=0
  - hdf5=1.10.5=nompi_h5b725eb_1114
  - icu=64.2=he1b5a44_1
  - keyutils=1.6.1=h166bdaf_0
  - kiwisolver=1.1.0=py27h9e3301b_1
  - krb5=1.19.3=h3790be6_0
  - ld_impl_linux-64=2.36.1=hea4e1c9_2
  - libblas=3.9.0=14_linux64_openblas
  - libcblas=3.9.0=14_linux64_openblas
  - libcurl=7.83.1=h7bff187_0
  - libdeflate=1.0=h14c3975_1
  - libedit=3.1.20191231=he28a2e2_2
  - libev=4.33=h516909a_1
  - libffi=3.2.1=he1b5a44_1007
  - libgcc=7.2.0=h69d50b8_2
  - libgcc-ng=12.1.0=h8d9b700_16
  - libgfortran-ng=12.1.0=h69a702a_16
  - libgfortran5=12.1.0=hdcd56e2_16
  - libgomp=12.1.0=h8d9b700_16
  - liblapack=3.9.0=14_linux64_openblas
  - libnghttp2=1.47.0=h727a467_0
  - libopenblas=0.3.20=pthreads_h78a6416_0
  - libpng=1.6.37=h21135ba_2
  - libssh2=1.10.0=ha56f1ee_2
  - libstdcxx-ng=12.1.0=ha89aaad_16
  - libzlib=1.2.12=h166bdaf_0
  - lz4-c=1.9.3=h9c3ff4c_1
  - lzo=2.10=h516909a_1000
  - matplotlib-base=2.2.5=py27h250f245_1
  - mock=3.0.5=py27h8c360ce_1
  - ncurses=6.3=h27087fc_1
  - nose=1.3.7=py27h8c360ce_1004
  - numexpr=2.7.1=py27hb3f55d8_0
  - numpy=1.16.5=py27h95a1406_0
  - openssl=1.1.1o=h166bdaf_0
  - optitype=1.3.5=hdfd78af_1
  - pandas=0.24.2=py27hb3f55d8_0
  - pip=20.1.1=pyh9f0ad1d_0
  - ply=3.11=py_1
  - pyomo=4.1.10527=py27_1
  - pyparsing=2.4.7=pyh9f0ad1d_0
  - pytables=3.5.2=py27h9f153d1_2
  - python=2.7.15=h5a48372_1011_cpython
  - python-dateutil=2.8.1=py_0
  - python_abi=2.7=1_cp27mu
  - pytz=2020.1=pyh9f0ad1d_0
  - pyutilib=5.1.3556=py27_0
  - razers3=3.5.8=h19e8d03_2
  - readline=8.1=h46c0cb4_0
  - samtools=1.6=hcd7b337_9
  - setuptools=44.0.0=py27_0
  - singledispatch=3.6.1=pyh44b312d_0
  - six=1.16.0=pyh6c4a22f_0
  - snappy=1.1.9=hbd366e4_1
  - sqlite=3.38.5=h4ff8645_0
  - subprocess32=3.5.4=py27h516909a_0
  - tk=8.6.12=h27826a3_0
  - tornado=5.1.1=py27h14c3975_1000
  - wheel=0.37.1=pyhd8ed1ab_0
  - xz=5.2.5=h516909a_1
  - zlib=1.2.12=h166bdaf_0
  - zstd=1.5.2=h8a70e8d_1
  - pip=20.1.1=pyh9f0ad1d_0
  - pip:
    - pysam==0.16.0.1
prefix: /home1/rayyala/anaconda3/envs/py2
